481
509
591
872
817
135
889
603
926
774
229
589
928
716
691
756
255
30
743
469
686
809
862
483
23
151
430
259
515
479
905
998
451
435
57
827
541
625
689
487
309
966
703
414
183
901
38
781
245
555
556
357
15
577
779
896
56
142
25
522
101
669
391
491
371
644
31
908
829
108
850
776
924
630
32
609
366
947
450
480
929
561
789
759
535
715
468
200
705
490
13
3
606
949
150
354
643
322
98
616
412
520
312
29
518
92
158
670
717
894
525
503
510
863
811
117
754
196
155
760
500
959
360
953
476
187
780
999
243
331
291
325
473
347
744
248
280
597
712
274
96
822
399
836
870
300
27
544
523
558
182
466
249
239
192
741
692
460
263
610
550
162
537
428
702
443
832
123
355
570
132
675
228
489
575
807
292
474
709
367
109
722
587
327
656
60
626
35
765
937
105
169
514
873
812
422
619
737
226
652
224
415
707
432
68
668
572
627
821
467
157
94
397
335
697
386
356
672
20
551
538
869
339
931
720
413
456
844
596
553
43
363
90
984
540
257
838
408
607
945
71
64
501
484
332
797
986
372
637
114
740
464
282
378
604
1
240
983
465
813
598
131
948
962
664
295
447
608
946
801
835
758
265
6
681
279
317
374
865
529
727
549
288
728
732
22
704
204
628
444
897
764
564
409
231
923
227
319
104
932
576
102
53
217
711
839
819
55
694
299
994
495
792
991
954
771
724
985
24
918
242
790
144
78
796
434
666
877
362
46
747
492
137
254
992
251
238
19
230
584
793
883
895
777
463
111
330
293
733
904
342
934
583
762
879
594
178
361
687
152
440
138
233
304
406
95
16
126
767
533
504
267
179
154
629
193
210
580
42
753
502
400
305
534
837
336
878
857
458
70
888
417
993
26
899
768
646
915
34
407
446
766
45
772
262
615
54
63
449
497
831
488
967
376
383
539
195
352
423
389
699
314
188
605
313
252
818
595
236
571
593
321
2
996
906
542
752
455
176
333
153
648
785
798
684
494
390
156
958
647
620
124
256
189
69
277
395
167
308
574
935
136
725
617
181
653
289
930
493
592
683
206
834
59
221
225
334
112
398
963
72
943
995
134
201
49
820
234
845
545
874
507
283
411
920
585
890
14
307
11
701
306
89
365
66
148
708
565
599
671
433
402
118
830
496
524
543
77
445
612
706
211
663
173
107
185
149
235
690
910
851
673
28
713
825
338
84
916
582
849
982
261
788
970
186
693
623
266
320
341
964
203
276
298
828
247
301
749
927
755
431
40
442
791
654
5
568
557
810
58
459
909
506
660
957
871
128
816
860
586
968
93
917
213
823
639
427
854
47
41
439
621
302
36
205
202
770
99
426
73
232
988
384
385
956
622
457
17
161
662
898
351
441
562
893
216
454
783
403
552
420
379
419
990
170
563
241
219
738
952
676
548
536
62
174
290
4
222
359
315
773
244
799
814
824
311
86
786
567
761
972
438
528
393
110
39
344
665
808
209
324
286
8
180
303
636
160
960
682
674
680
223
171
961
731
258
215
736
394
37
802
121
634
696
44
416
530
130
887
115
858
10
268
21
655
880
700
794
353
79
861
278
116
602
207
976
659
410
989
795
677
642
517
855
380
657
803
573
387
658
614
81
260
750
48
133
559
944
405
638
751
613
723
778
913
531
588
237
165
892
787
67
941
611
220
482
973
499
270
721
287
421
800
139
950
83
18
624
554
578
745
470
900
85
418
547
461
404
271
275
971
382
919
208
907
679
485
853
698
113
12
987
729
739
453
437
885
310
140
938
977
746
478
859
369
127
75
886
649
51
867
328
969
695
532
903
742
902
316
471
891
546
82
569
318
881
866
940
498
253
974
840
884
388
590
730
979
125
91
50
718
164
159
452
199
951
477
513
106
911
281
364
345
122
508
337
980
323
285
939
373
194
74
833
806
129
429
942
688
396
7
218
641
120
329
103
678
1000
168
448
511
856
97
925
33
714
146
875
175
826
651
198
436
527
462
782
370
486
981
560
997
250
346
52
815
685
349
214
975
264
581
184
579
631
846
326
163
600
804
343
284
763
864
87
635
297
521
272
933
601
472
914
197
191
516
377
190
921
645
512
710
841
650
936
88
212
633
375
876
955
61
246
726
425
9
868
912
65
661
358
143
519
922
842
177
775
392
618
296
294
348
475
340
172
526
843
350
805
566
734
147
748
667
978
269
80
505
852
368
381
273
848
769
100
882
76
735
141
401
145
784
640
632
965
719
847
757
119
424
166
