6791
103
8081
5706
2000
8159
3092
5368
1883
4678
7532
6627
3034
238
1678
2305
6920
9860
6773
2476
9738
8089
1467
732
7154
9975
9979
3121
6046
3549
8139
6340
9125
8212
4398
2968
5145
4489
707
2381
8009
1587
5197
9604
9118
8688
9480
8236
2613
4085
675
4644
3164
2741
637
3333
9986
6246
8530
8887
9610
1653
5543
9568
4749
2007
1204
6572
6948
2928
9694
4241
7382
9714
9064
202
9314
9404
7862
9070
5833
5461
4031
8417
6345
6021
4888
5251
213
5989
1752
5303
5969
9911
6613
5243
7786
449
9936
2478
284
8178
6818
840
2552
3146
9374
10
678
4377
8024
6130
210
7477
5663
4818
8297
6221
2066
6504
3562
3858
3806
2980
5842
7321
5869
3177
9560
5012
952
3886
4133
9541
1464
4446
2060
3507
3727
2831
8090
8869
1728
8827
8844
4997
8963
79
8027
7637
2803
8136
7899
5212
83
8397
2459
9998
7311
1901
94
3784
6132
6445
6994
258
3928
9424
6002
6640
2199
7076
1253
371
6183
5477
2818
3779
6354
616
2563
6111
8811
1390
6443
7897
1514
2223
2067
8768
9656
2099
4609
5966
5923
8483
5024
418
2916
178
9532
2209
4140
6707
3835
7777
7856
1754
9145
9999
9072
6549
4980
405
3251
5336
3344
2796
9668
4565
9645
5470
5908
2585
4310
7556
8991
4116
6120
8217
1987
4699
5527
3655
8396
1037
6594
7871
7817
4268
8749
9255
1788
6061
8060
8344
6981
8853
2268
1321
3027
4465
2894
2190
3057
2909
7582
5442
4130
9540
1943
7877
2237
1372
2432
6805
2498
2327
2079
5488
1193
5925
9637
336
3361
4692
3018
5597
2709
7524
2372
1922
1428
773
7462
2488
5927
3380
4556
5552
3165
5877
9310
9913
8800
218
1577
908
4645
3557
1118
6667
5593
6761
6641
7403
592
1988
4527
8486
8153
2567
2455
5805
7126
1486
2412
4051
2028
928
2125
4455
633
4599
4829
7261
2702
4027
5123
9954
3574
9228
8489
1054
9165
4830
9071
7149
4737
8290
2229
8958
5996
8935
3345
2666
2843
9055
5233
9096
2092
9648
7798
3002
8171
6030
4732
7165
6430
1784
7117
4582
1926
5902
4194
7859
9073
3881
704
5579
5364
327
6558
2618
4281
9351
691
5753
5007
5620
397
2440
7006
2845
2664
8588
4339
7492
9127
2536
6374
5295
4279
1249
1831
1887
6342
6179
834
6000
4438
4676
6466
1449
2654
9941
750
4800
9790
4033
3043
2601
4312
6094
9051
8543
3212
7988
3880
1210
6400
5092
302
5959
7192
8340
8780
765
4772
4996
8150
6734
5216
581
7443
3374
1825
3770
9750
4023
2507
2235
55
2077
8970
3237
838
7869
6348
7355
734
5968
8492
1997
4629
7804
3209
6711
3495
6131
8773
6251
8135
4220
786
4349
4799
4371
589
4129
6607
9707
5452
8993
7161
5497
4847
8858
3199
6334
2398
3752
7655
7379
4264
2648
1004
1856
270
9931
9004
9146
5044
9822
1059
9947
3181
6509
9522
9850
8540
2806
5672
7896
2058
9470
1673
2175
2903
6452
4400
501
3543
8659
2391
1617
9864
3139
8962
4437
8619
1525
4595
7341
5574
9276
3425
5406
8034
8651
8649
3700
4120
9832
1723
375
1121
3123
6112
8654
8738
9542
1558
8813
3499
9726
4478
430
1600
1122
5822
126
3645
5153
5039
4783
6396
5238
5941
5964
6664
6543
6194
713
8011
9629
6879
2769
4208
455
2111
5776
45
3816
9632
1722
939
7831
6678
2676
7205
3535
6706
1898
5426
256
6357
1899
3568
6850
7365
9112
1949
1091
3454
3269
2587
8558
5005
1778
9554
445
7484
5464
6725
4199
199
98
2545
584
8329
841
6774
342
7938
740
1142
7318
3892
3648
4771
5014
7254
7518
597
3828
2165
7404
7112
5887
4767
4247
2829
4364
502
8077
8632
3007
9266
322
1850
3625
5143
1516
7963
1890
3302
3658
9350
4256
1819
3497
6932
4616
4227
3330
5694
5343
6212
3156
8355
2158
7846
296
1595
2056
7326
182
9512
5509
4908
4112
1540
6991
9551
3021
5565
9589
7619
8242
7293
8465
3965
1102
4252
9764
5207
9105
8249
7100
5091
9962
5660
6581
9035
7661
5036
7042
5991
1173
6839
8055
573
3289
3882
4428
5695
7417
1979
237
638
5566
1548
7753
9858
1951
8547
8426
7390
8292
9383
1874
5613
3522
3450
4695
117
7108
7630
5439
9926
3993
1535
3640
7583
1592
104
5567
8204
7872
4677
9880
735
3372
2667
1905
2814
8707
9126
3223
9626
1749
3867
4916
2747
3153
3272
4729
2731
6913
9488
4885
15
310
1895
7425
7445
8576
9298
7702
1451
4734
4255
7212
6529
2650
5231
8626
1061
5857
8308
8830
606
7787
8845
661
5237
6089
2832
1267
401
6372
8074
8348
9571
317
1746
2705
1511
5206
5935
1878
9657
1430
2869
2339
1991
3474
5020
7035
4228
4293
1853
7664
2646
2755
3409
1097
8604
8937
494
7761
4891
9578
4760
9244
6040
497
1485
9360
3106
4836
152
1081
3295
3984
3059
9734
1990
938
3172
2718
444
5402
5866
9093
7411
6518
3376
9584
6730
2338
60
565
7614
6472
9702
1364
5174
4912
8755
2128
8480
1707
5850
1167
4117
4953
6517
9566
2467
5828
2076
8468
3405
2013
2673
9504
1636
3428
8264
3785
1146
5938
5720
9095
3127
5008
7384
1672
5689
2837
6769
2853
6620
8545
1161
3951
434
7420
3578
5009
1700
1907
3400
7410
3229
3464
9334
7015
4172
8522
5502
8607
4410
1070
693
2895
8698
311
4322
884
1897
8971
1011
6016
2867
8321
6039
4458
4329
8063
6136
6231
8986
7604
4827
9402
7555
4003
1397
3083
7122
622
8823
5871
6792
1297
3771
7196
6949
2127
4488
2474
1889
5650
5836
2439
5395
9274
2529
2080
5933
5863
5825
2521
9636
8137
7470
3151
6988
6940
6592
6147
1741
4030
736
9924
2689
2287
249
3529
816
2782
9446
9278
4157
4526
6442
1190
9025
6449
1277
9241
6395
5918
4250
3482
8786
5189
4340
5396
6317
1857
6224
3265
2395
9881
8578
2472
9760
8265
8141
1996
4724
7732
3506
8624
9217
2030
1581
4576
4985
1566
8909
1202
3971
2958
2678
9914
243
8463
9755
8565
107
8311
6484
6925
937
40
3569
3755
1470
6066
5270
659
1515
6284
9842
8744
31
6053
3566
8144
9563
8701
3113
6702
7302
1521
49
6223
5150
4563
8436
4296
3756
5326
1924
8210
897
5257
8867
2725
9263
3008
3455
8847
88
2714
3674
7193
4849
5086
2011
8420
6121
1940
9882
2332
5742
1444
423
8762
4545
3916
6593
9980
8269
1779
9930
5382
3988
9721
2104
3198
5852
2089
3995
2045
3797
7399
6930
3722
3323
7613
7913
7345
6225
3783
110
37
3911
6658
1135
1846
540
1944
2713
7545
4701
3790
5601
3145
2669
4161
9761
5513
5487
1720
8640
2887
6642
3412
3561
7729
9824
867
7204
5334
2493
7836
6909
6477
9327
3715
7016
3288
635
6275
5589
5080
1338
3657
8563
4351
2041
6596
6361
3681
1237
784
2346
6964
3937
8421
9062
9056
6318
5756
722
7075
3615
9170
1195
874
285
2469
8608
4034
8103
29
7838
2719
5870
7398
1268
523
4333
871
6896
9352
3381
8339
8843
2433
7010
7225
2644
2969
7814
7866
6254
6288
3736
965
6326
9749
2835
9147
3825
2776
3632
5595
5576
2906
7317
4094
2462
354
6024
4758
8548
6936
5387
3531
8980
2680
1175
9043
7467
7746
4113
92
9231
7663
6316
1911
9372
1612
572
391
9492
1432
9427
7795
2220
9183
9829
4350
8957
2508
2865
3236
6438
9518
6739
849
8634
8554
1879
4994
8875
5975
8472
2124
7930
8765
4542
8906
950
7023
307
2544
2023
1337
4871
6337
4840
2921
6062
5392
8504
7519
2557
7184
9600
2608
6174
3442
8160
6878
2085
2999
6587
5541
197
9973
1630
4759
4319
3619
2943
1687
6804
9430
720
8967
7096
2623
2061
6856
9252
6657
5267
1564
4100
7110
4643
760
7246
1324
7106
8881
3238
114
1742
5365
1060
1705
718
6388
2027
8393
4466
4278
5193
2514
1029
3743
2348
2966
2685
9014
6611
1417
3349
7065
5701
8708
9168
6265
7201
7989
8752
4125
2910
5826
4785
8919
3033
810
9782
5530
6493
5664
2374
3383
2206
7735
9049
6877
2019
5758
7078
8487
4016
522
1105
1414
3481
8850
9243
353
8855
269
3901
5180
1956
9526
386
7061
2050
6762
4
2868
3629
9662
5133
6043
2021
8900
3802
2945
7717
1675
4846
799
7343
4316
159
7471
165
8096
6368
4357
6280
4043
3210
1606
3577
379
1820
6705
3855
1347
6397
891
2976
8280
7876
9399
1501
3748
9514
5580
9704
1556
554
1598
7064
6149
3366
9861
3836
1285
2107
2571
7668
6214
5456
1045
7818
2850
7019
8122
1074
3373
4198
7378
3296
1950
5812
2513
525
7720
6382
267
4375
6946
5472
5800
4435
5841
1738
876
7594
9038
8203
4147
8448
9466
3864
1903
9349
4295
7277
8503
1714
3484
3063
1137
5312
5268
8331
4267
9260
4427
2282
852
641
6788
1235
4409
2408
8044
3219
5592
4522
2991
931
3611
4931
4798
5722
1842
7953
8574
7992
6731
1545
9261
3240
4515
6669
2548
6914
996
5053
2622
4391
4873
8130
674
7769
6922
9461
9080
9211
2523
6479
858
1992
8978
184
4221
7503
8568
343
193
9335
2907
5971
9816
3975
9396
6654
4344
2550
8544
6152
1340
6643
1198
3402
2399
5409
5447
5004
9171
8316
9264
529
1756
886
1726
4338
1236
1596
5544
3794
9031
3167
5492
1530
4259
5772
8502
7823
2815
5932
3703
1508
7133
5674
6989
1379
3986
2159
7511
3684
940
7617
2965
1977
8674
2854
5563
646
7299
927
789
4162
7956
324
1713
9768
558
4451
9451
7158
5239
8822
8829
9006
7564
5903
7984
6327
9907
6890
5199
9294
9909
7538
6248
5536
1254
6158
3433
5853
9406
9453
493
8071
7640
9459
2531
5768
6784
3154
5358
7565
3597
9865
4533
4401
7693
245
1435
5404
9458
6219
3191
2931
4056
5687
9324
8885
7863
8332
5266
806
8920
3644
9469
2904
9158
3973
7689
5951
2458
6971
1849
6140
4639
8196
4153
4387
3406
4415
2543
3206
519
4219
6541
1026
4347
6719
3465
6415
9690
3267
8050
705
6867
6503
228
9338
9866
1
6811
5936
1570
5356
3533
5926
8049
220
2383
330
6413
4684
9081
9356
2416
5304
6692
7687
2062
1151
1154
5067
3547
9140
9040
5677
5780
4331
5058
5411
3176
5799
8973
6996
1322
3010
7994
6885
5059
2885
2871
5705
5498
3725
9417
7510
5617
189
9258
9144
5284
6047
4069
3062
5468
9121
1960
4835
6759
3208
5634
5879
8551
4197
5028
4973
7021
1076
7962
6471
5690
8429
9384
6435
8293
7542
6917
3201
1554
5735
1127
3876
4561
607
944
744
2746
6478
9153
894
8630
1461
524
8471
6617
5668
5730
7407
7815
1971
9890
9225
1082
9769
5423
5101
5913
8779
4756
4673
7389
2554
3358
5947
2849
3045
7474
6124
3437
6741
9599
6155
8012
2403
7291
5806
8033
7914
3266
9178
5278
24
3832
8680
5958
428
6
5875
3182
6012
4952
9730
1896
8108
1032
6191
4201
4224
3789
8061
4077
8147
3668
6198
8473
7197
5191
6906
9757
8128
5625
8394
7279
3379
2098
93
9561
9434
5352
605
9235
5692
6943
7363
8261
7323
6330
5122
855
7028
1699
7441
8099
4881
8371
1241
8386
8810
3733
7811
8422
511
6626
3413
1436
7648
2701
2205
175
6051
4412
4826
2785
7253
7176
8831
5178
9387
4239
8257
6311
7504
8059
4233
4712
6252
27
5337
3659
4904
4780
1807
8095
7002
6064
9990
6226
8942
5252
5314
6941
6519
9245
7270
8294
1238
9066
4011
8687
4660
5587
5581
6714
7314
9803
7034
6272
472
1288
8605
9148
3275
8080
5818
4950
1836
4382
731
7489
207
7828
8100
2380
3109
8191
7215
2288
8119
7751
932
3314
6673
4538
6451
288
5157
7098
3504
4872
697
8328
793
9149
2722
7698
8493
7611
1354
8917
8575
3030
3782
6502
9325
7140
4097
9873
5247
9010
9234
2352
590
594
2603
7057
5109
6803
4019
3575
6944
4628
655
6269
2172
5688
1298
5429
3518
7050
6045
9368
329
6838
8948
5052
7327
1196
8788
9800
4424
683
3390
7465
1823
9992
4404
9852
5195
617
2674
6436
1386
9281
2760
2366
6470
7352
3586
9565
6085
4443
7249
1158
7328
2312
9305
7981
2261
5808
6277
3638
4897
433
6489
3963
9135
4512
8168
2018
4634
5275
6772
1719
6476
2477
390
8759
1330
4266
4318
4348
2964
4248
3079
5605
1185
4670
6065
4710
2977
5032
5113
240
5420
4714
4470
9185
7482
4607
6113
9028
5631
4494
8169
7673
6103
610
4914
9108
483
54
3239
4693
1181
52
8000
4020
5363
286
4359
3501
6858
8670
2797
9068
5435
1953
8152
8115
9443
1318
1263
5147
8211
2379
8686
1740
426
5413
1049
7162
7531
7925
6011
1308
8256
9543
1401
7367
414
9194
6262
872
3720
7038
6381
9267
5571
1465
9685
5504
7610
5894
5391
7080
3740
8873
119
9388
2429
2686
3147
953
2962
3270
1484
7300
6821
7825
2404
8046
7679
3263
831
2706
431
7792
7289
1869
4841
925
9099
5347
3812
1912
8200
4384
7937
2149
3141
9400
6370
9442
8467
3810
2207
2065
9562
890
1031
8018
2464
5878
3871
9100
2913
2446
1208
4971
8646
5506
3540
5548
6967
9289
4370
5797
5764
7202
5716
9501
3411
9698
513
2221
2956
2772
8016
8042
1150
5844
2192
9429
8158
2504
504
7593
5773
6448
91
5641
7346
5397
5175
4269
1818
5632
7605
1770
8478
3874
3999
8662
836
528
3178
5713
4499
9303
115
6580
7910
4246
668
2830
9745
4528
3017
8174
5360
14
8404
4587
2799
3982
654
2184
9381
2614
6088
1639
3873
5824
2525
4211
6383
1233
3119
4926
9253
5520
764
6416
4366
9838
9751
1527
7079
6123
6375
8672
5765
7349
790
4570
4887
2617
2016
5444
4555
9891
6209
3792
7039
3636
4851
6335
3051
8310
9614
410
9047
2699
5103
9955
7802
8631
5094
7824
2200
5761
352
7354
962
4913
2777
4523
5126
5517
1629
4065
4769
4864
4469
4638
5807
8594
9390
5940
7997
7026
2679
1034
6257
8623
779
6058
5072
8205
2182
69
3503
339
6903
4210
1153
5997
726
7086
3895
6834
7500
2361
9910
4334
7620
9506
1221
4185
5518
3960
7721
4929
3933
4843
3637
725
6763
3340
3996
6746
2661
422
9033
6356
3475
3763
97
5881
6220
9213
5495
2265
4046
1017
2376
5339
2436
456
4017
7284
3436
2204
1368
6584
4044
5137
5370
488
1334
8577
9159
1033
1112
9119
76
2070
4485
695
5864
4794
6665
2005
4257
6843
4111
6736
4389
8109
4035
9773
9723
8562
5042
1961
8997
4982
4907
3003
5225
6486
6341
1120
3325
3631
4911
2191
1966
306
3190
7375
990
6102
6256
8611
5082
8434
2683
5455
2239
8295
4072
8836
1648
224
2496
2631
5961
2157
8441
2501
2783
6947
4066
7473
9919
2406
1194
4182
8435
2343
9474
6993
8087
8645
621
7810
870
1230
6498
9426
550
194
4709
325
2695
7571
1709
7388
7743
7710
7191
5684
9985
3000
4819
6588
3795
1007
2788
6420
9449
8709
6537
149
3642
481
4992
9237
1282
5152
3730
3885
1157
8954
6408
8193
1830
4417
8320
2358
5281
7723
1315
4501
1812
9706
5884
1698
982
1129
7771
1178
4866
2917
6369
7018
9283
1980
4260
6908
8564
8102
8036
552
6308
7000
7849
6298
5155
290
4666
3653
5774
3848
7350
1550
4342
9966
4530
7525
3837
2503
8157
7481
6853
8225
7974
6952
7563
4751
6417
9652
7682
910
3729
5055
3786
972
7432
3456
1682
2285
9729
8677
5232
6540
1642
2620
9774
3693
222
3774
1518
1019
9083
3049
2879
7928
4920
8263
1893
7272
8837
5790
6562
5553
3338
437
124
5793
9577
7558
4242
5214
3788
5354
2286
6831
7719
7472
6411
5389
8372
815
1008
3841
292
681
5747
2484
8730
2987
271
656
1761
9008
5097
1370
1882
8056
8459
9176
7121
3052
8452
9631
7091
3766
5185
4633
1625
2908
2533
6469
4592
9107
9265
1762
5107
5241
1915
50
5787
2573
4368
9609
5263
5555
8415
368
4525
8259
9617
8307
9022
8994
3958
6868
1140
6292
9886
3998
3192
8748
1663
8802
6087
1597
9591
3680
4079
4337
6661
7803
9208
2090
4518
9646
627
7599
9763
3241
1967
6533
3184
9018
8177
1128
1703
28
4789
827
3604
5003
1387
2155
9687
4895
4392
5166
560
6508
653
4936
5398
1760
566
2257
6600
1609
628
8532
4213
7931
6391
1864
8699
8416
9026
1250
6852
6546
6429
5171
5798
5313
4675
1214
3105
404
3194
2426
6855
9884
3313
8817
1686
9478
959
4801
226
2370
1624
6441
3108
609
2181
3076
8418
319
2914
4144
3523
877
8260
112
2138
9236
5661
6880
1003
6167
257
2808
1870
5050
7216
5955
2665
934
9308
8587
7569
8877
8751
9765
5076
1565
1731
7022
4711
7757
1083
509
7915
1641
5583
3312
8641
6814
4896
2234
7255
1619
2236
4190
645
9284
8381
8833
7244
380
26
2078
8142
2805
3591
9630
9528
4890
714
5763
142
1047
696
9259
8602
3704
9110
1607
3650
3470
1876
7357
7228
4088
6576
9705
8305
4107
1806
1015
7800
7069
5515
6840
8106
4418
367
4175
5717
6744
6378
8720
698
2252
8138
1828
8186
8228
2827
5350
4486
6238
7851
4812
1614
4797
9875
6854
5466
8266
4893
2243
7144
1051
6958
7762
134
5279
259
7348
9407
3556
9162
5755
6796
1526
7448
5345
5417
2653
4815
1813
4467
7024
6634
8270
7116
3925
631
7
2596
467
626
1972
7483
9322
4482
2140
3702
6635
4983
6247
4905
8197
2020
615
2526
943
4649
2878
8068
2822
2454
9076
4272
5054
5248
5074
7750
6945
8694
1541
998
3622
3544
4532
8794
56
5901
5534
8127
3718
4383
8300
7386
9239
3118
360
3946
8704
1028
2535
7842
9588
5142
2841
281
4299
2193
6975
4989
7020
3466
5723
7052
2468
9766
3472
7456
4136
2607
1199
8675
7268
2729
1319
1392
3420
9053
5995
8723
1947
9951
6951
7943
2131
8254
7230
170
6249
3747
8782
5562
2482
3714
8301
248
8818
355
5930
5104
7793
4842
7781
3399
6119
5315
4690
5721
9545
7748
4122
7368
1755
9665
9876
6295
5037
9370
1821
3395
6621
5598
1332
147
8625
6676
3391
181
201
233
6260
2757
9559
2034
7104
469
8182
6779
6038
7837
2359
6916
8494
8208
8437
739
7999
2509
7741
8525
3066
9227
9007
1119
1841
6461
8930
6650
9536
1144
721
5937
5628
7633
9960
6939
383
205
7387
4535
5482
1858
2054
7776
4972
5140
185
4857
6742
7609
5741
4399
9892
9313
6615
7933
1906
4960
8482
4442
6652
6590
7213
5588
17
151
5282
3854
7553
690
8832
6700
7313
2300
1959
1491
709
5293
7109
5771
1292
9872
6671
2511
3403
6273
4000
6570
204
5401
4833
8282
4944
2615
1930
7426
1388
1507
3284
6487
5911
4604
9793
772
9923
4119
7975
8772
9944
2303
412
1631
3904
2174
881
4491
3607
7990
5939
9856
7649
4290
6575
9311
7422
7152
1134
9257
8861
1920
8955
2272
2551
2052
1503
2306
2212
1046
441
514
4647
8116
7449
3663
7242
7615
7713
7402
1139
4054
8840
4559
5752
432
1499
4748
2733
3009
3142
1355
7601
9658
8132
9596
7780
3014
3930
2677
5659
6319
3526
8092
6976
9161
7214
5976
7543
1783
6027
1089
636
3424
8388
3697
2522
2855
3512
2162
9818
5731
7115
164
3884
6018
4006
6638
8175
4803
2082
6015
1056
9783
551
1310
2938
8120
8407
1036
2112
9682
2518
9186
8620
1232
4892
5656
1601
8520
5839
8795
9117
5963
4820
3255
5950
5084
6205
4419
8278
9684
9339
7967
1985
5666
7506
6054
6291
9678
8936
4632
6953
7174
255
569
545
4414
8039
6393
5457
2384
7608
4025
2890
9058
6954
4698
2595
8461
4323
9075
7618
8866
5974
7374
4365
4291
6276
1627
463
7296
227
3196
1667
5162
3906
7469
4821
3776
4101
7292
868
8746
7071
4166
6151
4385
5898
1220
2691
2121
9206
4553
5035
5546
4955
5910
6071
3055
5394
6629
5051
7294
4685
761
8323
3954
4343
5068
9929
4517
5088
9489
282
6535
1717
2279
4813
4018
3246
4700
8281
8335
9934
9835
7414
4795
5261
5710
708
1604
9621
2795
2208
9781
1258
7595
8302
1885
8501
919
9009
5048
9032
3388
8164
2703
5340
5255
5283
9695
7554
7455
2471
6444
9403
2584
9827
4124
5644
85
5667
1602
6955
1718
3224
5545
2802
4768
4236
4551
6165
9280
7259
5316
6125
4158
5794
3015
2662
5192
1317
559
4900
6473
101
7656
2901
5271
7180
880
3551
4306
1892
5792
128
4180
1735
6929
1295
9663
4183
4694
3590
3889
8931
7986
730
9386
8405
9777
4004
7397
1311
7940
4468
738
2764
6684
1450
8104
1934
3602
7703
9817
4557
3514
5815
7145
9896
7772
6447
993
7307
6882
7820
4619
7494
435
2001
2154
7442
1110
7691
7812
2363
1834
6585
3006
5880
9333
5627
5138
8668
7185
7734
4770
1957
7654
6758
9472
8821
7315
180
2441
8569
1633
8511
8229
9628
5865
3584
7045
4689
6889
9602
4735
7419
1352
7004
9124
9447
5399
1446
9196
9655
6460
9667
8842
3038
3233
6213
612
9201
4590
5235
3893
4013
2953
3646
1839
9791
4078
6127
1802
7578
8657
176
5708
7921
6339
6153
4301
4378
968
9209
492
146
6950
762
7749
8911
7692
6264
7280
7536
1348
9972
5778
5533
8816
8497
4975
7301
4889
5848
3414
4702
4462
7890
4753
6887
1610
685
4705
2463
8943
1084
5654
7256
3367
7996
5260
4305
1409
8593
8573
5458
6556
9286
4345
4297
4274
9753
361
1225
869
6274
5179
7830
647
1644
9595
2119
6765
5362
191
8506
3942
8527
4178
1358
2331
8496
3458
9696
4998
9444
9611
2810
2177
6056
5136
851
1359
5599
2995
8359
8029
2362
809
9748
4680
278
3672
6160
3285
8998
9270
3926
1384
4995
5021
7832
7178
8796
7239
7575
8395
2009
9862
3363
406
3371
6309
6560
5287
5575
7124
2269
4999
8378
5840
2293
4875
7671
9903
2565
9163
1727
5100
710
239
1531
7548
4618
9819
1457
3579
7138
9395
6819
300
5680
392
8933
254
6215
1333
1016
2974
3665
553
2123
7727
5419
9290
1012
1925
2055
4373
8871
3600
8288
8618
2918
4855
3580
5186
9448
8683
4810
9826
9802
4092
305
3440
8093
8804
8856
9853
8234
9371
7074
7362
892
6259
8025
5999
1077
2636
7409
5611
5437
3757
9315
7271
8582
8555
5405
3168
5148
5503
9772
3094
1662
936
3829
7883
6082
945
2387
4529
6649
2029
5490
3673
3318
6505
1400
7450
2886
9432
1439
3914
7891
1865
9849
5846
7537
5205
1657
7945
1791
4648
8599
7267
8807
8162
745
2989
7151
2292
5529
4933
5973
9082
1948
2840
7898
6426
3078
5341
9847
7585
2386
557
2086
8189
1579
1562
4640
9373
9120
8447
7137
1590
425
9001
395
7834
3754
3493
19
6625
8043
3639
1494
5485
6390
3247
6178
3260
3809
196
9167
9329
958
2750
5127
7944
4270
2437
4433
1888
7264
6108
1605
5500
757
1066
4024
8642
8534
6686
9316
6418
6622
2194
4309
6282
4877
2494
1224
8030
8430
8660
6986
6942
7629
2324
2781
2534
8621
2765
5496
5219
2275
9586
7740
3617
419
5856
4539
6799
3865
6216
1460
8790
7515
1654
4583
3385
5907
9946
3910
3866
7976
879
2350
5262
2922
1424
671
9065
8491
2624
2619
6060
4978
4919
3491
1645
7674
9619
5914
2704
6566
537
499
2538
2978
7960
1375
4704
1794
9531
4763
5633
8905
5220
3337
4507
7310
2638
2539
7334
2017
7090
3084
6331
5882
6966
6960
5132
2767
5683
9348
5367
7009
3991
6662
6559
3469
9855
5697
1453
1693
5744
7600
7372
1365
362
3452
9983
6481
3359
3509
951
3990
8886
298
8603
8712
935
6680
9798
875
2120
7173
9247
8273
1416
1406
4883
3919
3195
3354
2400
8879
6314
7978
6825
2793
7993
277
5184
6551
680
6401
1180
4480
6480
8992
5106
676
1928
2952
6081
3322
6628
3839
382
6990
2430
6261
9131
4423
7573
7715
6122
6495
1764
2310
8798
7773
261
847
448
6647
4413
7273
8035
911
7770
8392
2792
2137
9224
2378
5739
5
8285
365
2452
5476
195
8097
5463
9556
729
7123
1001
7591
2102
3347
3419
4928
1293
5957
7559
4822
5355
4824
9825
7306
6793
2360
885
9582
1613
4708
7697
1973
3060
7298
7111
6608
4276
4967
6192
5124
9837
172
544
8485
1423
6299
446
3596
13
8722
6992
4102
4581
1875
601
7733
8385
5475
6009
7659
9164
7670
6937
6166
7540
4263
2884
3656
9115
7567
5000
8274
3067
4615
3728
7502
9363
1174
1638
2807
6823
3739
9346
5624
2489
8747
9549
9486
3431
9418
6861
7200
1331
1615
1133
4050
9362
1113
1188
4038
6753
8711
7880
3088
949
376
2784
901
4376
3268
4408
896
8163
16
2385
7577
3135
7257
5069
9904
9711
8600
9525
1952
9287
1827
3496
6708
4876
9204
9900
8519
2442
854
7971
4355
4594
7985
9085
5372
530
8117
7182
4682
7360
7366
263
5637
4298
8613
7394
2289
8213
4679
1479
2915
9784
7429
8638
5256
8814
156
5196
416
9982
3087
873
5712
4258
6813
4868
9775
985
2460
461
7359
4744
4493
2637
4076
5725
68
5559
8655
6271
7858
6682
1809
3927
2934
211
5703
5899
9116
8414
7688
512
5164
4058
3826
7189
8379
3621
8365
5586
7906
8283
3918
9013
8938
6786
106
7222
6977
6305
3962
5912
8685
6760
837
297
2097
6655
1381
1708
8484
3089
8981
8733
8255
5802
3122
6329
3972
7865
3408
3920
6982
5653
532
3717
8510
2083
8857
7903
3170
1094
2688
2144
5888
2556
7479
8652
3603
4603
9643
7454
2932
6184
331
2006
9585
6355
4294
8977
2135
577
1603
2197
3908
3694
5038
3307
6770
1739
1799
988
82
8929
8606
8809
5622
5596
4623
3711
454
7752
8890
9779
140
9272
2012
3171
4608
8805
6935
2040
7208
1543
5115
3026
3553
3913
3416
7625
6405
5416
3104
5234
7371
9916
6110
2187
3831
2457
8664
8757
9191
3868
1156
4802
4776
3056
6328
7415
7211
8825
9437
9548
20
7041
3560
1729
8546
7632
7799
4330
997
125
5190
4823
2742
2692
5431
4580
9122
5860
4238
5201
9045
4315
470
6783
533
4814
1553
5615
6072
1107
6835
9413
3822
3091
8671
4128
8528
2169
632
1534
3623
2711
3627
2196
2330
9928
2388
8201
8134
9156
9021
7166
9042
783
5286
2936
7544
7796
7690
3203
8616
7879
3234
8470
8972
6764
7919
975
5639
2745
2948
4742
11
4537
6552
7082
1050
2364
5819
5736
1345
1382
7892
8098
3796
1201
3950
6530
1547
5649
7275
2329
7905
8667
6531
9166
7744
9291
479
1568
563
9950
902
8124
7320
3449
7260
8241
2264
3620
4363
1835
2392
7316
1088
1101
1506
1512
4288
4946
7995
9693
9198
8291
2337
3445
6439
3227
4779
5095
1785
8586
848
6283
5208
6568
9970
5538
3101
1361
6336
1736
6086
9576
8595
7129
7929
7195
372
1448
9815
3524
3994
9995
5098
1411
236
7339
3767
9037
8026
888
7977
2244
5422
1048
3749
358
7159
1206
1848
1006
4420
8084
2479
9230
1458
8766
2309
2294
2247
1902
9496
1757
9759
6563
3407
5318
5931
6008
987
9915
4121
4577
3271
4667
7001
5990
8062
5332
2658
5149
53
2858
3308
4142
2418
1284
1660
3643
7667
3427
8927
9905
8070
4209
388
7305
2743
8107
7704
2210
800
9169
5967
1072
5604
1255
2856
4653
5430
1513
9210
8165
8354
2833
703
5203
6582
2828
4403
1116
6842
3166
7309
2256
1544
8373
5421
9597
7653
3230
8912
7125
1410
8537
595
9408
8893
821
9943
2136
6606
687
8209
5151
6515
5211
8812
4283
6352
1914
5886
186
5057
51
6407
8322
7775
625
2971
6997
2180
8446
9692
8549
2579
1712
9439
8767
5378
3787
7163
2975
4865
2864
3441
8739
1668
2732
9889
4039
6516
490
6036
4139
335
7168
2510
2277
7520
2150
6208
7526
3090
9622
3799
9821
929
4503
6467
6710
942
3585
9899
8154
5569
2071
4804
7095
3110
2528
7626
7875
8848
3129
8743
9969
2095
5182
4048
7224
7827
3253
9319
4725
6740
3
2106
1655
7587
22
2008
7265
7266
2564
3479
1637
1378
3827
3941
6732
9762
6093
6453
4579
2390
2262
7089
6833
887
6427
3218
1021
643
7049
1871
6290
2562
3570
1797
9746
7322
4541
9421
3438
5786
6875
7430
5228
5445
1052
6888
2126
3175
4691
4086
1447
6492
1495
5273
9834
3589
420
5524
5388
2820
5486
4703
7991
4360
2271
2377
8764
7169
3633
6782
1259
9567
8793
6349
4990
3068
6323
4174
5647
8851
5376
5551
3048
857
2998
5169
7809
7099
7053
8170
2926
3276
9061
1109
7120
8111
9412
7755
4942
1994
4393
4977
9240
2794
8342
3054
7813
5384
8343
1745
1455
5031
9796
5582
2419
7669
7855
7118
7936
6004
3817
7521
4450
9570
5704
1063
7486
6211
8559
9423
7923
8612
6775
8682
5638
8663
5285
5494
4167
9741
1792
1248
229
7338
8192
5917
6798
2954
1981
3778
8580
9441
4807
6717
7722
5621
664
2839
6384
4474
5479
5440
8148
8051
6862
4901
7282
9823
1057
1438
3134
5141
3888
2862
7373
2091
74
3525
2216
4796
1065
6029
8368
219
8737
7393
5820
8078
8745
9376
8918
4731
4149
2766
2375
6129
7157
1106
5801
9581
1909
7046
5134
6084
6690
3035
5616
4490
4562
4040
1418
7774
2461
4834
3290
495
5305
673
9831
2290
8057
4145
8304
4317
5727
6307
526
6715
6871
1314
4743
5733
611
795
741
9017
8590
3935
7303
8337
9312
1843
8167
8896
1656
5816
3143
1213
2834
9813
2645
3292
9465
8451
3226
4903
5944
99
5743
1163
7549
9152
5740
5229
1002
5188
7916
9193
3857
7444
3552
777
5307
578
7153
1374
1995
3833
6527
4282
2944
5681
2113
9389
1143
8892
5359
830
9859
3940
2248
9841
5105
5693
5770
521
9467
9321
2117
8627
8277
5525
7498
5386
2897
4379
1184
7218
7493
3630
8424
9879
906
8941
8498
7183
4591
9385
796
6548
9141
6857
1816
8252
8357
1522
5980
1341
6802
1283
6876
66
555
3605
4874
5919
1075
6424
1393
5481
7003
7860
3859
2949
2520
1093
6181
7973
9529
1141
520
7758
1832
2318
2736
5414
133
5433
3298
1145
4452
4095
2164
7701
6894
6618
2519
3492
3593
7699
313
818
9878
6612
9672
7007
8082
3086
7332
8412
8964
9130
7882
6410
5369
8609
4722
3365
6020
5377
6172
5750
1356
1053
7480
1300
8791
2930
5540
287
994
2
538
4495
9027
7765
3877
4052
2569
6333
4472
882
5013
4622
4041
660
3207
5049
746
1209
1646
8513
8479
9534
7077
8219
169
2036
2641
5160
8596
230
6485
9603
3887
9722
2893
1030
7088
4862
3760
1473
9846
1847
8601
1923
2859
5614
3100
9710
856
6353
12
1103
7635
6315
4568
3660
3074
5217
5272
2990
5170
7821
7186
4068
2744
4584
100
2179
3824
7736
7738
2598
8750
2724
4313
86
1493
6931
75
1591
926
9323
804
9634
832
7468
3550
1768
6365
3331
1918
1398
5375
8901
3369
1211
9179
4341
1471
845
608
304
6398
72
3912
7436
5325
1504
9594
3397
642
9716
9269
5781
316
7927
8516
3341
8088
206
4243
3200
3664
5732
4811
3082
3281
8533
1172
7324
5607
9354
8002
8413
7295
3081
2649
6569
8243
2283
2321
1968
966
3064
4218
6510
7512
3025
2929
5163
5928
9057
2838
1978
4717
6972
9491
7731
917
6501
131
8232
5760
8402
6934
2226
5671
3936
6659
2254
4394
6285
7400
2328
4984
3352
2775
6824
471
4074
3131
2183
506
3773
1023
9868
682
7412
1616
825
6189
3692
9535
9616
5550
334
2542
2716
7198
2516
3093
3572
8781
5310
5924
225
1280
8440
5089
5327
3798
8351
1546
4775
1910
9285
5519
4880
8581
7843
3339
9416
3976
7657
9084
2659
1307
452
3706
8067
5505
5454
5025
5983
8207
9677
1349
598
6332
4750
2515
7233
442
4773
9792
4214
4356
2819
1165
4287
6902
2524
5652
1020
9812
8950
8860
7867
359
9675
6809
1805
1130
9871
3334
8474
7092
5131
9238
8756
6392
9456
7234
7979
5081
1771
4352
6312
4531
1425
6379
986
1664
7623
4285
5112
9419
161
9845
7628
3019
9989
6059
294
8932
5428
1162
5129
3537
2217
9897
5532
4536
8819
3023
860
7491
1420
7678
2259
3150
5288
9054
8199
7955
3404
1215
603
4500
1811
1804
4320
6204
542
4001
3753
7766
1396
3676
2844
8268
1005
7290
25
5873
7839
2779
788
4720
4991
2407
8287
6733
1665
2231
485
6170
9012
755
9939
6536
1680
756
2114
1814
4372
2589
3536
5539
9811
7017
6841
5459
5623
2500
2219
3541
8902
3144
1483
7768
1937
5467
3375
8583
4761
90
5874
9848
7408
5900
8705
8314
4253
7709
47
844
3845
5064
5176
8907
1533
9649
7672
7438
7405
2225
2561
6599
6726
9623
7576
3228
2002
2342
8398
8349
132
2422
4870
8570
8123
9297
517
8233
541
564
5161
4879
6296
3346
9279
2133
474
9457
4449
203
5006
3651
5066
3583
1487
5718
712
7607
6186
2438
1346
9016
4126
8195
7560
7789
8065
301
7103
1935
4168
3652
5265
2299
4108
947
2456
7433
4939
6747
3158
4464
2610
2084
4089
2215
4521
7705
7014
9377
8770
7631
3124
579
5390
2087
5167
941
7783
6253
1408
2720
6689
6624
4641
1272
3435
9538
6755
9024
6014
1986
6310
8678
7336
2093
458
5172
8499
5993
1551
384
8037
9515
905
8921
7172
666
2955
7286
7764
7552
3053
3731
2203
5001
8505
3261
8298
3217
2317
9195
369
5302
9700
9481
5029
9190
3215
8006
7457
1212
8250
9552
8560
6962
2817
2625
6313
8828
5040
484
9654
812
971
2821
5791
347
2166
3708
7716
8585
9248
7141
1919
8457
7453
2643
1148
8610
9977
2996
6532
669
1481
6895
5010
2213
4935
8507
2143
3666
8637
5371
7451
7939
7055
5702
7829
4686
8155
5831
979
1123
8897
5331
6520
6156
7529
3443
9106
6499
4134
6698
8865
8988
2681
1366
4475
3751
1040
4232
6197
5061
9918
8262
1702
9401
4141
3364
5328
3029
9533
8841
7333
2752
4200
4021
7534
2773
8561
3031
9728
2349
5483
9317
8592
3571
811
957
5158
5374
3073
6849
1042
4571
8113
427
1781
9422
8579
273
1278
510
7806
9361
2873
7452
1339
6965
487
8377
478
2141
4958
956
6050
3807
3907
9893
8015
9579
7665
7675
5489
1086
8975
9420
6243
2754
8327
2251
1099
5603
2031
4215
9618
2156
3548
1480
9079
9932
5379
7917
3967
3480
4716
9463
6697
3801
5977
3157
7377
9059
2497
5829
9810
6399
2972
5183
4307
751
8369
5970
9359
9635
6389
1419
1775
9136
535
7093
6591
7036
5294
3723
108
9659
2892
3011
7685
2057
3856
8923
411
1575
8353
215
749
3232
1305
3613
9758
8758
2394
6459
7207
2481
3222
846
2043
3293
9495
1569
1244
5200
8247
4968
5876
4718
5572
9479
4831
5469
8125
9840
9502
5610
803
5480
4454
268
5762
9925
4502
9203
2527
5700
2875
9557
9077
8151
6462
7199
574
9688
2568
859
3037
7684
8945
6241
8333
3477
2168
8512
8131
6526
8408
3898
7861
8330
5934
8004
3386
2505
6187
2039
2774
6807
3903
9767
7170
7128
7330
407
5514
4706
1336
819
7395
1635
2258
3609
6550
2902
70
7592
4612
1108
6863
9971
4970
120
3444
7434
7852
4642
5353
5484
9460
3735
3896
1861
7501
7706
7666
6748
7807
6049
1862
6101
2791
7013
4966
9137
3744
3713
466
78
5767
8495
2512
6651
8953
8949
9869
1622
2547
2712
6190
3336
4596
8735
6522
5602
2038
1067
1403
753
1963
878
7475
2684
9708
7934
6325
8145
2414
4927
9851
7464
833
1234
7718
1962
6507
6228
9249
2241
4156
7756
798
3921
6010
7047
4672
2846
4861
6301
4651
1256
8185
2022
4118
5033
1290
1647
6864
42
4945
1942
567
6712
2255
6721
3939
921
3945
3685
4778
451
9699
5507
4090
4251
8366
4448
4554
2448
2933
946
5830
314
7562
7676
8112
8959
264
5561
7848
4411
2296
3350
6573
8020
1838
6320
4324
5643
5883
4937
2246
9660
1769
7951
5432
5338
8312
3451
9123
3917
1560
5535
5640
7961
4284
9620
920
9175
4037
7949
7850
7051
3243
1721
6918
321
6446
624
2506
8681
6281
5154
3716
8529
9917
7209
7146
6028
3961
402
4229
4184
8450
5320
5501
5165
8427
5981
8515
1965
766
35
3468
4222
2502
8924
84
2291
9398
7808
5686
6695
4137
6482
672
4947
2748
266
3262
6258
8114
6034
9142
9011
6919
9393
960
2924
9300
1969
587
4441
2105
1586
8925
7358
1927
5242
5244
1608
5516
9797
8734
2134
7171
2682
7681
393
5210
356
2266
2240
5854
2628
3869
7288
6161
3989
5651
5665
2322
4552
2096
1362
8161
4787
3114
5102
3310
9089
5645
3485
5707
4979
866
5789
1763
1803
4369
8693
4899
8617
41
3983
4646
4132
8526
5311
4602
7027
7712
8898
8891
8324
315
2211
3300
5258
5030
3530
6098
4115
6217
3446
9482
9282
8073
3133
5078
1275
7922
5909
3179
6387
1557
1776
1946
6428
650
1041
1166
2032
4426
7391
7226
974
2315
3453
9569
5226
4606
4492
3020
670
686
4189
2639
3250
3320
9328
4063
9306
3488
3111
3389
1658
6589
9902
6514
2553
6957
3258
9337
6222
8048
7857
337
6055
5779
5972
7959
9471
4430
3024
5330
1651
6927
4177
21
8614
6653
7175
2942
9942
5110
4792
5460
3221
9650
3618
649
7102
2354
6367
5698
1782
7458
3842
5956
6923
9598
2069
2314
1226
6042
9214
6139
8001
3985
6565
593
2242
1954
6143
6921
723
8714
2696
136
768
7048
3102
6602
6322
5921
9527
160
4091
3077
6033
5346
3070
1904
9132
2431
2495
1734
1817
4610
6195
3160
2863
6696
2889
6041
4216
8047
6987
546
5117
9019
8360
5322
8181
453
1018
9956
8753
235
4558
6891
7446
6564
2761
9953
6210
2872
527
9590
7911
5922
2411
8083
2245
8550
7478
3974
5591
4586
4938
2075
9580
8202
9920
6873
9601
6107
6202
4621
8820
8156
6073
6135
7127
9809
4856
2340
3791
4738
9254
2042
995
8736
7220
8380
1694
4289
7278
5920
7596
9653
223
7888
9670
5676
2110
1383
3758
2453
2634
73
3162
1650
8218
3279
3342
2450
4047
3107
8003
3843
4314
2434
309
5612
9464
3187
3900
7238
8983
9727
8028
4064
9697
1873
5450
9547
4203
6206
4073
4747
9074
2064
1124
2276
8895
808
7854
7236
2612
6025
4096
4954
6148
3712
4262
3137
1519
1404
6109
6979
2313
2763
1350
3471
7337
4963
6851
2024
5236
6847
1674
658
5691
2751
2160
8669
5557
250
4431
2302
7097
807
3943
9715
5714
1626
5259
9867
2402
2025
4671
5867
2178
9709
2298
2946
5177
8928
3519
4226
5342
5745
6829
629
7101
8500
640
5329
8731
4976
5121
4696
1670
1824
8477
8728
3235
2483
4965
4390
8284
7622
6360
7570
7496
4029
2687
9965
6912
9857
2278
3538
9364
3032
9069
9830
6820
7912
4439
9673
9341
3152
4723
162
4103
5814
7005
5619
3811
8732
1205
4791
6402
2073
7369
2860
64
1868
8914
688
8143
459
7495
6720
9151
3072
9431
2109
166
1459
6133
8176
1496
3699
5531
5230
2957
5994
8289
977
7616
450
5209
6419
7044
3448
7351
3979
2151
9450
4850
1302
3252
1223
187
5114
9355
2693
3820
6928
534
9683
8968
7588
1264
9587
6434
9627
5222
8367
4407
6063
9378
9612
4114
3459
9182
2470
280
6668
9222
1335
6812
3558
2594
9945
3953
4774
3819
4131
5986
8508
5019
6232
3417
7488
8715
1916
303
4386
9094
8180
3382
4669
1294
5434
9679
3136
5168
1974
6905
9102
9808
6897
1567
2616
3554
6201
8246
1692
7767
5803
5408
5796
7164
3517
6723
6463
9511
7853
4661
6227
6691
662
8797
6412
3327
1343
1938
763
8531
4510
5493
1964
1833
7485
8433
1671
1377
5777
6338
6142
3188
3185
6188
6766
6660
9933
604
1270
4332
7132
5023
1092
2602
7421
3095
5827
3804
1773
7958
781
623
77
5120
1489
4007
8410
7066
2517
8852
4395
2652
8826
1176
7694
2487
7926
6973
7784
1080
8976
3355
6865
5897
9157
3204
7970
2186
6425
2280
1351
5862
424
8149
4179
1087
3564
7435
2920
7439
4036
6729
6057
6134
9740
8007
5366
2490
8888
7884
1955
1520
507
9720
5298
9894
2425
2373
3565
1160
65
5719
7887
8272
9895
4397
6005
4159
7058
2014
8517
3319
6067
5156
5381
9519
2911
8806
930
5291
3546
3902
8475
5748
7725
8995
7497
8679
1632
171
5849
1725
4230
7760
5041
4674
2870
6100
2591
1475
9246
2297
9048
2319
1323
2295
9221
6199
3691
8834
6344
8741
7942
2734
6737
7401
1303
4625
4261
8665
4362
244
1227
2983
6632
9292
9250
6287
2335
3249
398
5988
505
2657
8718
6571
5221
5804
1549
580
3851
7754
7952
4453
2663
6817
3398
3677
5549
2148
489
913
1542
4171
6359
3384
8216
8005
3956
2171
6523
5751
1415
652
1240
9747
1421
4951
9484
4736
9380
3126
5847
8445
3863
38
9015
6836
3614
4809
7245
6749
2026
6776
3649
8940
3211
4765
2883
7739
5570
289
8419
677
8214
4635
8514
2979
9207
4655
5299
4781
6904
7031
2982
5962
4170
3138
8456
6704
503
7918
2540
6157
2925
5558
6899
9906
7285
9382
4150
6457
3647
413
7030
543
2409
9318
3125
8364
4223
1261
4816
2465
9927
1085
7219
7791
7054
192
2420
6800
4302
7833
2600
6496
9640
8403
7232
4828
8636
8761
588
5547
2100
8996
5987
8524
822
9583
8776
6144
7968
6683
5775
6801
8449
1589
3695
381
5269
4249
4860
9177
2986
7223
9493
3957
7932
3710
3844
5953
7941
2389
3426
7947
3696
3934
5027
6795
113
8789
3283
7660
9885
6832
5658
6521
2728
3231
1159
3112
4566
1114
6023
1976
9521
457
6099
1098
18
4275
3765
6079
111
6781
1900
7696
8221
6511
2122
1877
4713
6848
4055
8325
7190
9302
5838
1216
3808
1369
8661
5915
5843
1271
6297
2671
2541
9435
6901
1859
4304
8676
7658
1529
9067
2570
4902
7312
667
9046
7235
9780
7119
5385
2726
4509
3214
5125
2153
6032
3576
9233
1312
4460
1891
6068
4730
933
102
2049
2621
8799
7187
9375
955
6003
8356
6547
5441
7276
5523
208
4447
1269
4380
6777
5011
8639
3705
6771
480
6609
5709
4664
265
6141
8275
8121
3463
9958
9187
8862
3624
5446
9539
2202
4098
3473
9500
9379
7954
3050
8910
9143
7844
3675
547
63
6844
8774
1998
8223
9719
3762
3396
5872
429
9615
1320
1407
6513
8276
1078
7894
3750
7329
4181
7416
702
6898
2992
8572
5301
843
2443
9828
4353
1437
9799
7281
9787
8224
4014
6670
8476
5890
1921
4922
2048
6145
8140
9394
34
600
1808
7319
5916
71
8315
7210
9029
5904
5412
59
8990
2129
58
2132
9320
5415
6488
7418
1287
7325
9633
4154
9991
4858
4844
3539
3559
9605
4550
7972
6874
1676
924
5276
2583
1697
6578
6293
4969
6998
1528
4206
4169
3741
9180
7423
3689
8899
3948
4631
6797
2260
7603
6483
2640
9957
460
2558
9978
9513
9091
948
158
1840
1391
5083
9964
3213
387
9428
7779
9789
7641
8384
1245
2994
6244
861
4659
3883
3860
251
3071
4806
6787
4059
5264
3516
260
9712
7513
9718
6176
7634
516
1826
3462
8442
4863
2393
9455
1880
3800
5682
476
4080
2532
7644
758
6440
5085
582
9877
1611
9967
8969
5240
8556
345
2717
4505
8740
1747
7597
8406
1777
727
7557
8053
6674
9671
3686
6595
5465
6985
1975
1243
6200
6827
9689
8079
3461
1301
468
4727
6822
9544
539
2004
596
3894
6637
9661
400
4192
1730
8696
9771
6780
8306
5522
8726
5250
1578
5351
8040
2739
2555
6475
4163
8597
776
1932
3502
6289
4202
4484
2161
4668
8248
6458
9739
3772
782
2451
4825
7251
7586
4321
7240
9901
5289
2970
9101
4155
4681
2738
8985
9330
1313
1701
7250
701
2344
2233
6677
3838
2130
7707
4757
2035
6724
6346
9553
7541
2852
2267
4611
4519
4637
4932
8523
8347
1039
8126
900
5063
8358
9483
914
3830
7040
9197
794
3719
4193
6380
9205
9558
1970
8069
374
4042
8635
5348
4123
5835
174
4053
954
8245
1661
1229
7361
6294
7561
1500
1580
6542
6869
9090
9870
2473
1537
8428
5324
389
2435
7142
3128
1679
5737
9786
6386
743
1038
754
6406
5626
2046
4898
7148
6116
7742
2003
6679
5173
7087
8713
9736
2015
4654
4949
2582
1385
6870
9844
1367
8054
1247
3992
9968
9530
9138
1478
6693
3616
3520
2530
6500
5333
1477
3542
6645
9366
3818
4941
4786
3173
7695
7726
9129
3189
3759
6745
9369
4540
1043
3244
4328
4589
5075
7677
4613
7383
9681
9805
23
2485
3163
2800
1523
4049
2813
5128
1620
3738
2357
4434
3563
2445
1681
4652
3938
8557
9593
1191
3294
7724
602
6207
1265
7131
1136
44
7011
221
3393
3849
8742
5578
6872
7136
5418
8361
6656
9608
4235
8846
6816
3254
9005
6431
4574
3813
3823
8179
6727
4884
5096
3343
1309
3690
6648
2937
5108
4473
4032
1931
168
7094
4237
9564
3418
4422
4045
2939
3046
2912
4755
9997
8313
9109
1251
5564
3148
3662
9344
1422
7147
3216
3430
5077
7847
7335
9160
7574
3968
5788
7900
8341
440
7461
8633
904
5099
4326
3923
4361
1867
6044
717
2590
5060
7437
5949
378
9088
7662
3174
9172
6078
5821
5280
3852
6794
3183
7043
724
1164
5568
7539
4461
2101
7523
4026
6267
8854
9938
247
9776
7188
4837
767
1325
7946
3924
8979
9574
5065
5474
2072
4311
9188
7203
2250
232
3515
4624
4626
2697
976
3850
4617
1482
7274
4160
7509
4148
1649
9086
2572
7652
7344
1815
7237
3777
3947
4687
9288
4524
1706
312
482
3781
3257
2336
7606
2466
1073
817
2694
5357
9935
7060
6866
4987
1260
8443
62
6538
6007
2768
969
780
1257
9625
1239
3439
3316
8566
3489
4498
4084
7711
5309
1327
6491
6019
771
7460
3847
9505
3324
9921
4762
5144
7105
4303
4187
4560
6567
1733
6974
2824
4585
3282
759
2189
2486
3042
8235
333
1252
464
5202
8014
973
7156
2656
2238
6371
791
3040
792
4921
1724
6539
3969
2801
6808
43
3278
4859
1659
752
9473
7033
4993
5851
173
1502
7651
6218
2577
2580
3587
6117
3594
3115
4959
6104
9507
8458
5715
2491
1958
4663
9262
961
8462
8326
3498
5451
6666
2499
3870
614
2301
5249
8785
5471
5998
1999
9898
6150
4940
9256
7759
4508
5043
5361
4930
5499
5245
9961
1228
8622
9041
2899
1593
6933
3329
518
5766
5960
7840
8771
8647
9778
8101
7113
5813
1474
1716
1476
4943
2787
2152
5929
9520
6350
983
6826
4917
4620
9795
4231
2898
8105
2145
865
2341
2730
2627
2560
6304
1790
9785
719
1469
903
8666
2053
6468
1623
3096
1594
6619
3745
7067
8222
8172
5290
5636
4740
801
1750
1218
3732
39
4286
2228
748
5942
4782
4012
2365
4636
320
1572
3626
4005
1715
8460
5542
2749
4688
4683
1989
3997
5584
2861
7085
9020
9555
1691
8870
648
850
6728
7447
3039
394
2959
5473
912
4578
5448
2804
9974
3457
9098
2597
6603
1984
7969
1433
3378
8227
575
8031
1429
7579
3555
895
3205
1413
3360
443
9638
802
105
4543
1696
689
3332
8346
1929
7643
1014
2273
1022
3140
7179
6090
9212
4650
9003
274
9987
5537
3872
3764
6601
1289
8375
6881
9425
970
8129
6278
3814
4196
2417
8859
3840
9174
5642
4173
4853
2094
9454
9993
3080
4358
7788
8258
9092
8700
3317
4934
5213
177
2397
4845
9
8490
5893
1982
9546
8615
8864
1296
5646
7527
9218
1759
8904
9592
2214
6454
1286
3793
3598
4444
733
7845
8345
9202
2816
7627
6362
9680
6983
5783
8684
8383
5673
7283
6554
3875
3487
8454
6203
6394
4061
4022
9639
4191
6105
7070
7870
5383
9275
6506
6230
3012
1488
556
7889
9215
7130
2655
2710
9438
7380
3588
3202
6409
9271
6465
9744
7008
4280
3977
5300
1829
6128
9703
4573
4459
1468
2780
1765
6376
8279
4988
5045
8952
4697
234
4165
3687
5590
9052
9724
6561
2811
2170
9216
639
7364
1472
9411
3159
8721
8352
4081
5223
1851
4790
6095
3915
6574
7466
8960
2668
5905
5427
1353
8690
9752
3726
6544
9485
8187
2630
4110
6743
1744
8725
4961
9606
4838
3494
549
4416
8673
2447
3357
4143
9666
1169
1171
9251
61
1242
9340
1427
9806
1563
30
5026
7167
8648
3303
6735
909
2323
3610
4105
984
1711
6716
6076
6528
2707
6180
3447
3909
7177
8974
6236
118
2963
1394
8206
2866
3315
4471
4547
3890
3180
4974
7886
3013
7059
7895
8066
2842
295
9984
2405
769
6006
4878
4728
2927
9331
1266
8431
4605
3117
1559
5946
9445
8173
6196
1505
6173
8240
8839
351
5675
3321
899
6070
8706
3274
4548
7602
6096
9326
3061
6524
3970
7598
6924
907
5978
6026
2670
7252
318
1767
7340
6423
5344
5757
8717
3769
8656
3582
5438
6837
6250
1197
150
1000
6358
4598
7885
1299
2444
5895
8872
2063
7150
3161
7782
7747
6171
6138
2586
6450
2798
8724
475
2546
5274
1669
1743
6512
4483
9199
9981
2789
1793
3952
8319
3724
8032
8598
4234
4882
7904
1688
2147
8444
7983
5657
7139
5573
1170
4151
2900
3678
2475
6785
6013
8882
6815
1552
4569
7546
5985
4511
3132
3746
6545
8318
5118
341
7056
9883
6364
7217
1683
8362
9273
8231
6255
5130
3698
7181
4354
6969
3069
3490
4514
6263
5845
8922
4601
9948
9155
7801
8423
1426
4910
6810
9050
2421
87
7107
3305
5782
1281
1442
8695
916
6893
8915
770
7966
6828
8763
1231
9952
137
1789
1192
8913
915
8628
6718
3022
1628
1854
3242
9000
9976
9490
7580
1774
3511
531
5892
1787
5945
3545
5407
370
2010
8692
7533
4146
2735
8535
2727
1758
9743
742
644
9410
2605
3879
1584
5858
1100
7568
7459
8876
5992
8244
439
3311
9794
7805
5443
3878
9433
214
2836
2088
8653
5891
6182
694
6233
7901
4240
3861
2809
4746
1389
4325
6688
2222
3335
3862
3301
2672
4719
7517
9309
9676
1573
9219
2218
586
6175
4948
6646
6963
1695
737
9908
1044
9624
8787
1652
6306
9226
5317
80
4265
9691
2549
999
2592
8716
6555
4456
7647
2044
3434
4906
6245
332
2960
3277
4745
9996
706
4010
8239
8903
6907
9613
7194
8644
109
4504
571
8091
2981
7581
4726
4777
1751
978
2307
127
121
898
4425
8188
1796
7730
3155
4817
6404
7487
9365
3701
3592
9103
3225
8838
5215
8521
9732
1013
6675
6229
3635
2877
9468
6048
716
9523
9392
486
4964
7032
1115
918
4277
5512
5696
8880
7621
3834
32
7376
299
7516
3415
7308
7964
4070
8118
2281
9414
2351
1304
8868
3309
5734
3721
344
4476
436
3368
5511
1096
5837
2574
6694
4075
536
8376
8230
5135
8629
8883
9184
7068
2826
6363
5585
2690
8703
2371
491
657
3362
2609
6980
9345
350
2721
7645
46
5669
7638
2334
2635
9002
5393
4986
9839
7728
4440
1855
1621
81
7535
9128
9959
7385
1685
1884
5810
700
2356
9686
4087
357
6385
4852
4962
9347
630
8727
8226
2823
7902
3949
1371
8296
1536
8464
9104
8086
4195
787
570
5424
4432
7841
2812
4271
980
6830
7785
5754
4886
4662
5629
1936
6324
8238
9436
2973
9717
4918
3532
3103
8387
6915
5449
1024
5018
5809
8317
2715
862
3815
6886
8017
5079
1766
4481
3944
679
3987
1342
4067
3980
145
2708
3065
5948
157
9087
4308
6790
5090
599
7878
2675
1402
3356
473
5965
8488
9647
6639
5022
2633
4135
7566
6351
2081
7935
8769
5609
8801
9509
6080
3966
1860
2449
3601
6242
4109
5979
5073
1291
3929
6074
5811
4300
3679
3423
9342
9358
6097
5046
548
154
6240
1177
4715
4212
2051
2253
2880
823
1689
8271
89
7508
3044
4186
1380
4477
4496
3328
3964
4015
1064
7550
9113
8075
9988
3667
3821
2771
4071
6959
1189
9242
212
7155
5034
1463
967
9409
9332
2033
3527
923
9508
2940
6437
7920
5556
4721
7269
340
8691
57
5859
8961
1753
7737
7287
9030
2068
7342
8719
1203
399
8984
9843
2997
8
5528
1035
3028
1279
8591
619
3805
275
6860
8777
2401
8184
1852
1933
7507
1532
7874
8760
1183
2415
5462
1179
2368
5795
6995
7063
4245
665
6185
2146
8336
7551
3004
5093
8411
3005
3595
6235
4062
4388
4909
7262
2606
6687
2611
3001
8094
7528
8987
9550
1585
711
3394
9229
8884
1881
6497
8956
2345
1509
7263
3075
6106
477
3116
5296
6163
9524
6164
4546
5738
9572
1441
2423
2740
8878
4784
6474
2762
7440
7950
498
7143
1071
508
2108
853
9301
4513
7083
989
4138
5047
9516
8658
1186
6999
4336
1583
4752
8370
3422
2224
2629
3041
4463
7476
4657
8784
4367
6703
116
1138
7816
1497
562
3410
9023
1524
7590
2961
2566
8023
9114
3370
3670
8389
5246
6169
2737
7392
515
5071
805
4707
188
9940
684
8947
2874
7864
2575
1684
8453
9651
5306
3978
1434
2311
1939
8286
3016
1152
3304
9133
2382
5670
747
2413
9801
396
7241
8966
7029
4207
1801
8552
4381
6237
7790
9111
2576
2857
3149
1360
9701
3248
2270
272
9268
7012
9405
291
7794
4396
5349
1498
5380
8133
2249
4832
5015
9499
130
1599
6583
797
893
9575
5187
9713
3641
1748
5254
4567
8350
775
2492
9888
2326
8982
1217
9642
9223
7683
2881
583
5954
9731
9232
6422
591
5600
8198
7868
231
4060
447
2947
883
2593
279
3097
2919
7680
2410
5885
9804
5635
8481
2263
6279
2847
1574
3259
1993
5198
1207
8835
7227
8038
8466
826
6636
6525
7909
2941
5218
1913
8509
2230
7427
4600
5728
9814
4733
1945
8390
4848
6859
8439
4627
2888
692
163
67
8697
8567
4793
6883
2176
6984
1009
8553
2308
8334
4106
6586
1328
3932
1732
3353
95
7998
1219
8702
2651
3245
9503
5335
2700
2876
9887
5056
8022
9154
774
3599
1058
5111
2578
992
3256
323
5855
2320
2167
7406
8542
5510
6610
7624
7642
8643
6910
8400
3567
8783
9788
3058
3098
7304
2059
8934
9737
139
9494
6685
33
9476
7924
7763
6757
4152
3891
3931
9573
8778
1737
4204
1492
3486
1316
4572
6168
1187
5554
618
3299
4028
1786
3682
1866
2304
2599
8019
1555
6956
7584
4923
7206
9674
3510
2424
4915
6623
6553
7297
2333
2427
8363
6177
9735
9510
585
1445
167
4564
7356
5655
4402
9367
1582
1079
9296
7490
4588
6938
1222
3955
246
6789
2355
4981
209
561
7957
5062
252
348
4127
7062
326
7231
7636
6699
3669
7505
6806
2163
6750
4854
308
6557
438
9343
9307
4093
1025
5159
9756
385
9644
2347
8939
4374
7347
6268
1772
1069
3483
2185
2770
8010
2626
5560
8041
9912
5943
3120
5204
1452
500
6672
9863
2396
2882
8215
5608
153
5253
8251
2993
4099
3286
7965
7431
9353
7073
7948
2753
1872
7353
8894
5403
2632
813
338
1886
1126
2950
9063
5478
2758
715
8438
6403
6754
1010
6193
9192
2905
9134
1454
9336
1837
2537
8946
8874
6239
2316
7826
8824
7530
2074
3467
7987
2825
8999
3047
1273
9277
9173
1274
5724
2367
4487
6579
3392
3853
2581
9874
9440
6146
2188
5729
4956
4225
9139
6961
2723
8863
217
4614
5711
364
7907
2951
8889
2891
138
4924
5906
4925
2848
2588
2896
5436
9304
3306
8401
496
6421
2660
9189
1643
1200
6118
4445
143
8849
785
9498
7908
6534
6767
10000
2988
5699
1780
6663
6597
3661
9820
6892
7797
9937
1090
4754
3099
7646
8589
2851
576
3846
6300
8989
1443
8391
4867
6605
4894
1634
3291
8309
1276
7114
2284
8052
2559
842
6970
179
377
6756
5508
5618
1095
5016
2103
1618
8689
5759
1690
6614
5227
8076
293
366
9517
651
1132
7084
7037
8220
6162
3476
963
1246
9078
6373
2428
1440
409
198
7778
5491
465
9036
1412
5139
9357
3608
5679
415
9391
6633
6713
9039
7547
4057
9462
6577
2786
3709
864
6286
7229
4292
2037
3264
6884
9497
7370
3573
6598
3421
462
7835
6022
1810
7247
96
8584
4429
4009
8803
8926
4534
4405
4335
3922
4665
4273
417
6035
5685
2201
1894
1111
1168
1117
9150
3186
4406
8064
2047
6031
4656
6126
4164
7819
3351
3287
1704
8539
6926
5817
4457
5861
5678
6303
6768
8190
5453
1055
6630
7135
4002
8382
5606
4516
7499
5087
6709
7612
5984
5224
4957
2198
4658
5002
7424
9733
9725
9807
1182
3197
814
8729
2759
9607
2604
6456
8951
9097
5146
1373
4788
8650
5594
8267
981
5982
4575
3742
1462
613
3628
6616
5630
6968
6115
5017
3085
3803
4805
6321
7463
3478
4839
9477
1027
1490
991
1710
9299
6052
155
1155
7221
4421
190
123
5868
2232
6911
5648
9452
3761
3193
7025
8455
6778
1844
7745
3634
8432
1798
6846
1466
2139
4741
7428
1795
8815
1329
4869
9854
1405
5784
6845
7980
9770
5321
6751
9295
6075
8425
6752
7714
2642
8013
8399
8409
6681
3169
1456
3348
3460
403
3905
3280
778
2142
964
7381
363
3273
9833
3654
4244
5070
9181
839
3534
9293
1517
183
6377
9415
2967
5277
8374
8710
8965
200
7522
9200
7514
2923
346
3734
4630
9220
8775
4217
242
2985
262
6494
8916
8538
6091
6738
9487
1677
3297
5194
7243
2790
6001
3671
4520
1125
3387
8518
2353
5116
8237
144
1822
3220
4764
3981
4254
9949
2173
8183
6270
6978
6077
6644
7589
2115
1510
7639
408
6037
6302
4766
8146
8536
3683
5823
283
8541
699
1326
922
6114
5832
5308
9641
2195
1908
2698
3500
1306
3707
3606
3130
4327
5889
7396
1863
9922
9475
2984
5749
1149
216
4739
7881
2325
7893
4506
5662
889
3959
1845
8754
8166
1068
1399
820
9994
48
4436
6490
4104
9044
6234
4008
7081
8944
5726
9754
4479
3513
1983
6701
7686
3521
5425
9060
5526
4808
1344
135
1588
148
8469
6631
5410
349
6343
6347
5323
3036
5119
8058
373
5834
276
1431
1395
2116
5400
5769
7134
2756
2647
141
4549
1147
6604
6432
9664
5319
6433
3780
1104
7873
3775
6137
8072
3505
6069
1576
8303
3326
6266
1376
9034
1561
7248
1640
5373
8008
1917
863
6154
8021
7700
2369
5297
4083
634
4346
4205
2935
6366
7650
5952
5785
1941
7982
3737
8085
2227
3581
8110
1357
1571
5181
7160
1262
6092
7413
1062
5896
6159
9836
1131
3612
824
122
328
6083
3688
4597
728
8299
4593
2274
2118
5521
9742
7572
7822
3508
8792
5746
9537
8808
4544
4497
9397
6464
3528
5292
663
4188
835
3432
1363
1539
2778
568
421
8194
5577
8045
3899
3429
253
6900
1538
36
8908
6722
1800
4176
3401
7258
7708
6455
1666
7072
620
828
241
3768
3377
6017
4082
2480
8571
9963
8338
9669
3897
829
129
6414
7331
8253
